20
-3.9429 -8.1839 7.2222 14.9518 14.2511 -3.4181 8.1033 -4.9374 2.9995 -4.9132 -8.7071 3.5700 -7.7635 -11.7126 12.3046 8.1541 -9.6184 -5.9328 9.0144 -0.2726 10.4862 
-4.2575 -11.0409 -12.3611 5.5506 11.5186 -8.9763 -3.4387 -4.3740 6.6529 -14.9775 5.8566 10.3820 13.2754 -0.1256 -11.2561 9.4710 -3.1362 -14.2976 -14.3955 13.9072 -7.6639 
-1.9748 -6.2379 -12.6364 0.7464 -6.8486 -12.4611 -5.2839 12.6398 -13.6625 -3.8635 10.6784 -8.1363 13.6551 -8.3213 -5.7812 14.1692 6.1131 14.7564 -4.3027 11.8488 7.0311 
-0.4997 -6.1956 1.9790 4.8004 -13.8748 12.2365 -11.1953 -10.1439 10.4394 -4.1970 12.6669 -11.1478 -3.9457 2.9785 -3.5037 -5.7316 -10.8266 -6.5167 -5.0698 0.5983 -12.5409 
-7.4875 -14.3457 7.9678 -6.2833 -5.6486 -8.4005 -2.8363 5.5907 11.3512 12.0637 -4.8653 -6.2983 14.3550 -4.5814 8.2770 -4.4594 -1.5695 -11.1668 -9.0699 10.0382 -9.4405 
-0.3630 -14.3804 -14.6305 -3.1158 -12.7624 -13.7668 1.6267 -9.4836 -3.7711 -11.9495 8.4913 0.2849 -8.3799 -3.0831 -5.1675 -10.6574 -4.3118 -13.5752 13.2624 -10.9455 -1.2508 
-10.8040 -6.6291 -9.4933 -8.9537 3.2560 -8.3670 -9.0552 2.3053 2.0264 5.8413 -4.9433 8.1523 10.7985 10.0593 1.1386 5.6241 -9.5461 -5.1950 -7.7839 0.5396 -4.6651 
7.3905 -5.5245 3.1661 -5.4839 10.1249 -1.5019 2.3232 4.4184 2.9156 -8.8421 -2.6647 2.5758 -14.0012 6.5596 -9.5174 -4.8678 7.6660 -1.3364 -12.5118 -6.2637 14.0814 
1.8904 -14.9889 -9.1772 -13.8175 3.4897 -2.5239 -4.6325 -1.9329 0.5717 9.9150 -12.4202 4.1208 3.1287 2.3752 -10.8957 3.2538 1.6431 1.1425 -7.0762 -5.8764 -7.0102 
7.1562 12.5056 -2.6019 5.8286 -5.2367 0.4545 -14.1944 8.4802 6.9485 8.9743 13.2888 -5.5575 -4.9433 10.3762 11.2686 3.3541 -3.6949 -5.7743 9.9921 -5.2544 9.9307 
14.0743 8.3424 -5.1076 7.0259 10.5591 -8.0517 -14.3503 2.4304 -2.1891 7.8849 10.9631 -11.5106 4.7303 11.6397 1.7935 -7.9610 -11.6366 1.3230 -11.3794 12.0719 -4.6988 
-6.6241 13.9206 -11.2670 -1.4664 11.5281 8.1315 -5.1423 6.5627 -7.9395 -10.6044 -5.5138 -12.0399 -1.1222 -6.4538 -14.4822 -7.0350 -7.1304 13.8545 -7.5884 -8.3508 1.0919 
2.3645 -0.4064 6.5291 -6.6881 -7.9133 -5.9662 -12.7838 -7.4266 -6.7532 8.9961 10.0877 -1.4662 -13.2354 -2.8898 6.4988 1.2360 -7.2950 -6.3152 7.3824 -4.3181 -13.7156 
4.1180 14.3076 13.2179 14.6951 9.5055 -5.3688 8.7864 -8.3414 -9.4029 -7.7391 -6.5305 10.2808 8.3269 -1.3583 2.5002 -8.4166 -11.6958 -10.5910 -8.3457 -2.1776 -13.1684 
-9.1153 12.6274 -7.3097 -8.8930 -9.3756 12.8102 -7.7826 13.9059 13.3124 -10.0430 -7.1629 2.5255 10.7793 -11.9639 4.4221 -4.9693 -12.7101 9.7513 11.8986 7.3151 -12.6477 
-8.0970 8.5598 0.6168 12.2423 14.2262 10.6100 7.2194 12.5231 -6.5433 -5.6699 -1.6649 7.8598 13.7032 6.2469 8.1876 6.8633 -11.0132 -9.4330 -3.4647 -3.4870 -14.1782 
13.3428 2.5463 14.2549 10.8884 -9.2590 -5.4341 9.0237 9.6447 -6.7576 -0.5313 8.2697 -5.5927 -5.2368 3.0939 -13.7911 13.7648 14.0197 0.8210 2.1052 8.8040 -11.4330 
5.0722 -2.1289 2.0747 8.0688 14.0450 -10.1077 5.9078 1.8926 9.0929 -7.2847 11.0417 -3.9448 7.8251 10.8412 -7.8398 -5.7846 2.8341 -8.9882 1.5063 8.5593 -3.9069 
-5.7540 -12.6370 4.5196 3.8310 -13.6358 -3.6481 -4.1451 -8.8902 4.2186 -6.3870 -11.2945 10.5151 3.3985 9.8255 3.1005 -3.3050 -12.2497 3.4621 -5.5895 -5.3151 4.8267 
-0.1749 1.0554 12.7739 6.2091 9.2231 5.0068 11.4697 -14.6579 -3.7679 1.4910 -13.1912 -7.1652 12.8381 9.4262 -13.0776 14.3414 -7.7346 -6.8148 14.2796 7.8704 -7.3546 
